function y = hsF73u(x)
y(1) = 2.3*x(1) + 5.6*x(2) + 11.1*x(3) + 1.3*x(4) - 5;
y(2) = 12*x(1)+11.9*x(2)+41.8*x(3)+52.1*x(4)-21-1.645*sqrt(.28*x(1)^2+.19*x(2)^2+20.5*x(3)^2+.62*x(4)^2);
y(3) = x(1) + x(2) + x(3) + x(4) - 1;
